由攻角引起的气动系数
num_H		num_Ma	num_alpha
6		7		10

data_H
500	1000	2000	3000	4000	5000	
data_Ma
0.0311968	0.0623935	0.0935903	0.124787	0.155984	0.187181	0.218377	
data_alpha
-10	-4.44444	-1.66667	0	1.11111	3.88889	6.66667	9.44444	12.2222	15	

不同攻角下的轴向力Cxa(指向头部为正，行为攻角，列为马赫数，下同）
H0.5
      0.09875914	     -0.00067088	     -0.01733593	      0.00273484	     -0.01173461	      0.01611535	      0.06600609	      0.13756021	      0.23020492	      0.34317671	
     -0.01173461	     -0.01173461	     -0.01173461	     -0.00391416	      0.10080312	      0.00129947	     -0.01537463	     -0.00976267	      0.01811873	      0.06805888	
      0.13967455	      0.23242277	      0.34549057	      0.13233860	     -0.00976267	     -0.00976267	     -0.00976267	      0.10199327	      0.00231504	     -0.01439128	
     -0.00876845	      0.01916350	      0.06919394	      0.16800470	      0.14093955	      0.23387852	      0.34711736	     -0.00876845	     -0.00876845	     -0.00876845	
      0.10294377	      0.00299702	     -0.01375884	      0.00642467	     -0.00812323	      0.01988034	      0.07004097	      0.14197262	      0.23516672	      0.34867451	
     -0.00812323	     -0.00812323	     -0.00812323	     -0.00113898	      0.10382185	      0.00351720	     -0.01330441	     -0.00765347	      0.02044288	      0.07077084	
      0.14296006	      0.23645780	      0.35033009	      0.13553993	     -0.00765347	     -0.00765347	     -0.00765347	      0.10469802	      0.00394296	     -0.01295641	
H1
     -0.00728791	      0.02092404	      0.07146005	      0.17129173	      0.14393882	      0.23784617	      0.35222412	     -0.00728791	     -0.00728791	     -0.00728791	
      0.10561134	      0.00431397	     -0.01267969	      0.00774334	     -0.00699046	      0.02135869	      0.07214907	      0.14498844	      0.23942159	      0.35433542	
     -0.00699046	     -0.00699046	     -0.00699046	     -0.00327240	      0.09863901	     -0.00079369	     -0.01745962	     -0.01185872	      0.01599136	      0.06588281	
      0.13743773	      0.23008537	      0.34306963	      0.13011260	     -0.01185872	     -0.01185872	     -0.01185872	      0.10070597	      0.00119834	     -0.01547677	
     -0.00986508	      0.01801672	      0.06795819	      0.16658023	      0.13957541	      0.23232824	      0.34539671	     -0.00986508	     -0.00986508	     -0.00986508	
      0.10190924	      0.00222460	     -0.01448307	      0.00565031	     -0.00886039	      0.01907256	      0.06910490	      0.14085276	      0.23380023	      0.34702697	
     -0.00886039	     -0.00886039	     -0.00886039	     -0.00179580	      0.10286927	      0.00291392	     -0.01384415	     -0.00820856	      0.01979680	      0.06996109	
H2
      0.14189584	      0.23509946	      0.34861666	      0.13452150	     -0.00820856	     -0.00820856	     -0.00820856	      0.10375815	      0.00343860	     -0.01338517	
     -0.00773400	      0.02036544	      0.07069920	      0.17012356	      0.14289672	      0.23640645	      0.35030451	     -0.00773400	     -0.00773400	     -0.00773400	
      0.10464318	      0.00394296	     -0.01303372	      0.00729723	     -0.00736490	      0.02085119	      0.07139511	      0.14388746	      0.23781359	      0.35219631	
     -0.00736490	     -0.00736490	     -0.00736490	     -0.00039947	      0.10556802	      0.00424414	     -0.01275435	     -0.00706454	      0.02129040	      0.07209208	
      0.14494689	      0.23940713	      0.35434918	      0.13750092	     -0.00706454	     -0.00706454	     -0.00706454	      0.09851726	     -0.00091918	     -0.01758601	
     -0.01198553	      0.01586467	      0.06575609	      0.16427665	      0.13731279	      0.22995701	      0.34294313	     -0.01198553	     -0.01198553	     -0.01198553	
      0.10060671	      0.00109505	     -0.01558109	      0.00451508	     -0.00996967	      0.01791253	      0.06785512	      0.13947482	      0.23223400	      0.34530570	
H3
     -0.00996967	     -0.00996967	     -0.00996967	     -0.00270852	      0.10182388	      0.00213225	     -0.01457679	     -0.00895427	      0.01897974	      0.06901473	
      0.14076496	      0.23372009	      0.34695588	      0.13340976	     -0.00895427	     -0.00895427	     -0.00895427	      0.10279378	      0.00282872	     -0.01393124	
     -0.00829565	      0.01971167	      0.06988017	      0.16897025	      0.14182009	      0.23503029	      0.34855095	     -0.00829565	     -0.00829565	     -0.00829565	
      0.10369137	      0.00335979	     -0.01346759	      0.00678480	     -0.00781617	      0.02028640	      0.07062571	      0.14283027	      0.23635103	      0.35025030	
     -0.00781617	     -0.00781617	     -0.00781617	     -0.00085010	      0.10458657	      0.00379394	     -0.01311261	     -0.00744346	      0.02077680	      0.07132982	
      0.14383327	      0.23777657	      0.35218359	      0.13640733	     -0.00744346	     -0.00744346	     -0.00744346	      0.10552198	      0.00417280	     -0.01283052	
     -0.00714012	      0.02122122	      0.07203394	      0.17244367	      0.14490542	      0.23938348	      0.35437119	     -0.00714012	     -0.00714012	     -0.00714012	
H4
      0.09826443	     -0.00117875	     -0.01784743	      0.00222258	     -0.01224782	      0.01560258	      0.06549515	      0.13705400	      0.22970436	      0.34269169	
     -0.01224782	     -0.01224782	     -0.01224782	     -0.00437018	      0.10040172	      0.00088158	     -0.01579665	     -0.01018581	      0.01769731	      0.06764262	
      0.13926593	      0.23202744	      0.34510048	      0.13192868	     -0.01018581	     -0.01018581	     -0.01018581	      0.10164566	      0.00194158	     -0.01477036	
     -0.00914816	      0.01878803	      0.06882753	      0.16766225	      0.14058599	      0.23355204	      0.34679167	     -0.00914816	     -0.00914816	     -0.00914816	
      0.10263810	      0.00265293	     -0.01411106	      0.00607702	     -0.00847545	      0.01953573	      0.06971309	      0.14166067	      0.23489794	      0.34842964	
     -0.00847545	     -0.00847545	     -0.00847545	     -0.00147332	      0.10355613	      0.00319477	     -0.01363776	     -0.00798565	      0.02012268	      0.07047389	
      0.14269510	      0.23624153	      0.35017132	      0.13527711	     -0.00798565	     -0.00798565	     -0.00798565	      0.10447278	      0.00363849	     -0.01327545	
H5
     -0.00760564	      0.02062375	      0.07119331	      0.17109601	      0.14372187	      0.23769779	      0.35215687	     -0.00760564	     -0.00760564	     -0.00760564	
      0.10542767	      0.00402526	     -0.01298773	      0.00745138	     -0.00729602	      0.02107745	      0.07191709	      0.14482192	      0.23934239	      0.35437237	
     -0.00729602	     -0.00729602	     -0.00729602	     -0.00378863	      0.09800020	     -0.00145037	     -0.01812098	     -0.01252227	      0.01532836	      0.06522255	
      0.13678348	      0.22943866	      0.34242801	      0.12945782	     -0.01252227	     -0.01252227	     -0.01252227	      0.10018785	      0.00065853	     -0.01602193	
     -0.01041169	      0.01747237	      0.06742022	      0.16605764	      0.13904760	      0.23181591	      0.34490089	     -0.01041169	     -0.01041169	     -0.01041169	
      0.10146058	      0.00174240	     -0.01497253	      0.00516363	     -0.00935066	      0.01858774	      0.06863210	      0.14039066	      0.23337406	      0.34662921	
     -0.00935066	     -0.00935066	     -0.00935066	     -0.00225854	      0.10247403	      0.00246953	     -0.01429877	     -0.00866317	      0.01935216	      0.06953641	

不同攻角下的法向力Cya（向上为正）
H0.5
     -0.74661057	     -0.20835837	      0.06480570	      0.39272076	      0.33844440	      0.61133074	      0.87822300	      1.14259041	      1.39699471	      1.64180638	
      0.33844440	      0.33844440	      0.33844440	      0.01019537	     -0.74761651	     -0.20863725	      0.06491357	      0.33892560	      0.61218989	      0.87945294	
      1.14416384	      1.39894112	      1.64407082	      0.86098360	      0.33892560	      0.33892560	      0.33892560	     -0.74932641	     -0.20915136	      0.06509056	
      0.33973633	      0.61362613	      0.88152191	      1.19402747	      1.14684578	      1.40236445	      1.64793331	      0.33973633	      0.33973633	      0.33973633	
     -0.75177986	     -0.20985739	      0.06533908	      0.39553345	      0.34087979	      0.61566296	      0.88444307	      1.15064721	      1.40704147	      1.65336179	
      0.34087979	      0.34087979	      0.34087979	      0.00988369	     -0.75498415	     -0.21078031	      0.06566650	      0.34239330	      0.61831294	      0.88823213	
      1.15559272	      1.41305703	      1.66033417	      0.86956955	      0.34239330	      0.34239330	      0.34239330	     -0.75894703	     -0.21181019	      0.06606579	
H1
      0.34424100	      0.62161640	      0.89294127	      1.20948592	      1.16164026	      1.42051562	      1.66911461	      0.34424100	      0.34424100	      0.34424100	
     -0.76368868	     -0.21302715	      0.06654445	      0.40196676	      0.34646919	      0.62558157	      0.89860986	      1.16895501	      1.42982144	      1.67965981	
      0.34646919	      0.34646919	      0.34646919	      0.01357164	     -0.74661346	     -0.20835999	      0.06480585	      0.33844625	      0.61133429	      0.87822881	
      1.14259666	      1.39700198	      1.64182978	      0.85979957	      0.33844625	      0.33844625	      0.33844625	     -0.74763216	     -0.20864262	      0.06491496	
      0.33893297	      0.61220316	      0.87947325	      1.19117015	      1.14418829	      1.39896803	      1.64410871	      0.33893297	      0.33893297	      0.33893297	
     -0.74936339	     -0.20915922	      0.06509398	      0.39423117	      0.33975296	      0.61365590	      0.88156468	      1.14690209	      1.40242913	      1.64799555	
      0.33975296	      0.33975296	      0.33975296	      0.00997308	     -0.75184511	     -0.20988010	      0.06534542	      0.34090953	      0.61571679	      0.88452835	
H2
      1.15073519	      1.40715232	      1.65350636	      0.86594816	      0.34090953	      0.34090953	      0.34090953	     -0.75509041	     -0.21080933	      0.06567707	
      0.34244046	      0.61839692	      0.88835466	      1.20328432	      1.15575097	      1.41323736	      1.66056352	      0.34244046	      0.34244046	      0.34244046	
     -0.75909675	     -0.21181019	      0.06607981	      0.39947698	      0.34431075	      0.62174170	      0.89311256	      1.16187475	      1.42080839	      1.66942992	
      0.34431075	      0.34431075	      0.34431075	      0.00987471	     -0.76389594	     -0.21308258	      0.06656533	      0.34656568	      0.62575571	      0.89885530	
      1.16927273	      1.43023826	      1.68013562	      0.87999356	      0.34656568	      0.34656568	      0.34656568	     -0.74661968	     -0.20836162	      0.06480600	
      0.33844818	      0.61133800	      0.87823193	      1.18948856	      1.14260330	      1.39699291	      1.64183048	      0.33844818	      0.33844818	      0.33844818	
     -0.74764836	     -0.20864776	      0.06491638	      0.39329662	      0.33894047	      0.61221672	      0.87949257	      1.14421286	      1.39902308	      1.64414373	
H3
      0.33894047	      0.33894047	      0.33894047	      0.01007481	     -0.74940303	     -0.20916889	      0.06509748	      0.33977007	      0.61368652	      0.88160933	
      1.14695515	      1.40250146	      1.64808729	      0.86309686	      0.33977007	      0.33977007	      0.33977007	     -0.75191056	     -0.20989820	      0.06535188	
      0.34094035	      0.61577207	      0.88460796	      1.19822060	      1.15083661	      1.40729563	      1.65364050	      0.34094035	      0.34094035	      0.34094035	
     -0.75519232	     -0.21084185	      0.06568771	      0.39737118	      0.34248756	      0.61849343	      0.88847666	      1.15590838	      1.41343191	      1.66078290	
      0.34248756	      0.34248756	      0.34248756	      0.00986186	     -0.75924699	     -0.21188854	      0.06609429	      0.34438212	      0.62186767	      0.89329553	
      1.16210652	      1.42110986	      1.66977387	      0.87453873	      0.34438212	      0.34438212	      0.34438212	     -0.76410761	     -0.21313766	      0.06658671	
      0.34666460	      0.62593046	      0.89910288	      1.21801116	      1.16960183	      1.43061662	      1.68062591	      0.34666460	      0.34666460	      0.34666460	
H4
     -0.74663130	     -0.20836546	      0.06480632	      0.39272984	      0.33845214	      0.61134546	      0.87824191	      1.14261693	      1.39702476	      1.64185441	
      0.33845214	      0.33845214	      0.33845214	      0.01018590	     -0.74768329	     -0.20865820	      0.06491932	      0.33895601	      0.61224491	      0.87953245	
      1.14426587	      1.39906822	      1.64421596	      0.86105990	      0.33895601	      0.33895601	      0.33895601	     -0.74947684	     -0.20918943	      0.06510474	
      0.33980571	      0.61375007	      0.88169878	      1.19427136	      1.14706964	      1.40265303	      1.64825172	      0.33980571	      0.33980571	      0.33980571	
     -0.75204809	     -0.20993706	      0.06536530	      0.39567765	      0.34100373	      0.61588582	      0.88476516	      1.15104215	      1.40758624	      1.65395708	
      0.34100373	      0.34100373	      0.34100373	      0.00986439	     -0.75541415	     -0.21089510	      0.06571057	      0.34258873	      0.61867423	      0.88872847	
      1.15624664	      1.41386277	      1.66125231	      0.87005406	      0.34258873	      0.34258873	      0.34258873	     -0.75956934	     -0.21196998	      0.06612473	
H5
      0.34453011	      0.62213171	      0.89366655	      1.21048469	      1.16258392	      1.42169673	      1.67049770	      0.34453011	      0.34453011	      0.34453011	
     -0.76454848	     -0.21324972	      0.06663105	      0.40243022	      0.34686982	      0.62629627	      0.89962953	      1.17028373	      1.43145245	      1.68158976	
      0.34686982	      0.34686982	      0.34686982	      0.01372671	     -0.74664264	     -0.20836863	      0.06480665	      0.33845627	      0.61135339	      0.87825470	
      1.14263204	      1.39704497	      1.64186347	      0.85981906	      0.33845627	      0.33845627	      0.33845627	     -0.74771930	     -0.20866939	      0.06492239	
      0.33897245	      0.61227439	      0.87957507	      1.19131358	      1.14432097	      1.39913919	      1.64429756	      0.33897245	      0.33897245	      0.33897245	
     -0.74955978	     -0.20921164	      0.06511235	      0.39433484	      0.33984220	      0.61381643	      0.88179494	      1.14719583	      1.40281932	      1.64842055	
      0.33984220	      0.33984220	      0.33984220	      0.00994903	     -0.75219078	     -0.20997968	      0.06537935	      0.34107036	      0.61600560	      0.88493544	

不同攻角下的俯仰力矩系数Mza
H0.5
     -0.15909244	     -0.09115195	     -0.07747308	     -0.08727290	     -0.07805870	     -0.09380611	     -0.12228582	     -0.16484025	     -0.22066133	     -0.28921920	
     -0.07805870	     -0.07805870	     -0.07805870	     -0.08656691	     -0.16023361	     -0.09223905	     -0.07857591	     -0.07917790	     -0.09495760	     -0.12348636	
     -0.16609272	     -0.22199596	     -0.29065962	     -0.16377057	     -0.07917790	     -0.07917790	     -0.07917790	     -0.16098810	     -0.09285187	     -0.07927399	
     -0.07991565	     -0.09575719	     -0.12438914	     -0.18368496	     -0.16711740	     -0.22321550	     -0.29202309	     -0.07991565	     -0.07991565	     -0.07991565	
     -0.16167123	     -0.09346434	     -0.07988245	     -0.08986493	     -0.08058000	     -0.09651991	     -0.12529265	     -0.16821421	     -0.22455614	     -0.29360407	
     -0.08058000	     -0.08058000	     -0.08058000	     -0.08863575	     -0.16236916	     -0.09400625	     -0.08049196	     -0.08127097	     -0.09732825	     -0.12628072	
     -0.16944212	     -0.22608868	     -0.29545715	     -0.16694543	     -0.08127097	     -0.08127097	     -0.08127097	     -0.16312937	     -0.09461170	     -0.08113937	
H1
     -0.08201395	     -0.09823315	     -0.12740998	     -0.18769018	     -0.17085218	     -0.22787697	     -0.29760657	     -0.08201395	     -0.08201395	     -0.08201395	
     -0.16400086	     -0.09530226	     -0.08184878	     -0.09228720	     -0.08284008	     -0.09924614	     -0.12869685	     -0.17247995	     -0.23003772	     -0.30011947	
     -0.08284008	     -0.08284008	     -0.08284008	     -0.08779009	     -0.15903047	     -0.09109009	     -0.07741179	     -0.07799803	     -0.09374630	     -0.12222738	
     -0.16478293	     -0.22060644	     -0.28917452	     -0.16246861	     -0.07799803	     -0.07799803	     -0.07799803	     -0.16018477	     -0.09218657	     -0.07852675	
     -0.07912959	     -0.09491044	     -0.12344099	     -0.18254957	     -0.16604939	     -0.22195528	     -0.29062106	     -0.07912959	     -0.07912959	     -0.07912959	
     -0.16094786	     -0.09282384	     -0.07923237	     -0.08912421	     -0.07987531	     -0.09571877	     -0.12435375	     -0.16708505	     -0.22318848	     -0.29200136	
     -0.07987531	     -0.07987531	     -0.07987531	     -0.08800648	     -0.16163759	     -0.09342726	     -0.07984747	     -0.08054688	     -0.09649210	     -0.12527166	
H2
     -0.16818195	     -0.22454101	     -0.29359977	     -0.16576802	     -0.08054688	     -0.08054688	     -0.08054688	     -0.16234415	     -0.09397556	     -0.08046386	
     -0.08124557	     -0.09730738	     -0.12626673	     -0.18616098	     -0.16943631	     -0.22609047	     -0.29547884	     -0.08124557	     -0.08124557	     -0.08124557	
     -0.16311232	     -0.09461170	     -0.08111835	     -0.09137983	     -0.08199710	     -0.09822082	     -0.12740809	     -0.17086340	     -0.22790483	     -0.29763831	
     -0.08199710	     -0.08199710	     -0.08199710	     -0.08997186	     -0.16399855	     -0.09528836	     -0.08183635	     -0.08283291	     -0.09924781	     -0.12871109	
     -0.17250893	     -0.23009258	     -0.30019509	     -0.16977777	     -0.08283291	     -0.08283291	     -0.08283291	     -0.15896804	     -0.09102725	     -0.07734917	
     -0.07793604	     -0.09368524	     -0.12216690	     -0.18119247	     -0.16472446	     -0.22054284	     -0.28911442	     -0.07793604	     -0.07793604	     -0.07793604	
     -0.16013470	     -0.09213509	     -0.07847655	     -0.08830800	     -0.07908025	     -0.09486230	     -0.12339460	     -0.16600519	     -0.22191782	     -0.29058505	
H3
     -0.07908025	     -0.07908025	     -0.07908025	     -0.08730439	     -0.16090633	     -0.09278715	     -0.07918988	     -0.07983416	     -0.09567972	     -0.12431772	
     -0.16705209	     -0.22316214	     -0.29198114	     -0.16469294	     -0.07983416	     -0.07983416	     -0.07983416	     -0.16160357	     -0.09338952	     -0.07981178	
     -0.08051313	     -0.09645865	     -0.12524608	     -0.18481628	     -0.16815983	     -0.22452974	     -0.29358792	     -0.08051313	     -0.08051313	     -0.08051313	
     -0.16231723	     -0.09394399	     -0.08043498	     -0.09054838	     -0.08121940	     -0.09729064	     -0.12625192	     -0.16942865	     -0.22609475	     -0.29548297	
     -0.08121940	     -0.08121940	     -0.08121940	     -0.08922809	     -0.16309305	     -0.09456722	     -0.08109698	     -0.08197998	     -0.09820995	     -0.12740746	
     -0.17087300	     -0.22793414	     -0.29767926	     -0.16825967	     -0.08197998	     -0.08197998	     -0.08197998	     -0.16399445	     -0.09527533	     -0.08182376	
     -0.08282573	     -0.09924902	     -0.12872490	     -0.18957248	     -0.17254050	     -0.23013753	     -0.30027463	     -0.08282573	     -0.08282573	     -0.08282573	
H4
     -0.15883789	     -0.09089470	     -0.07721964	     -0.08702316	     -0.07780784	     -0.09355884	     -0.12204291	     -0.16460344	     -0.22042998	     -0.28900129	
     -0.07780784	     -0.07780784	     -0.07780784	     -0.08634040	     -0.16003122	     -0.09202877	     -0.07837284	     -0.07897831	     -0.09476291	     -0.12329899	
     -0.16591364	     -0.22182682	     -0.29049929	     -0.16358669	     -0.07897831	     -0.07897831	     -0.07897831	     -0.16081954	     -0.09270857	     -0.07910217	
     -0.07974914	     -0.09559892	     -0.12424283	     -0.18356053	     -0.16698332	     -0.22310566	     -0.29195158	     -0.07974914	     -0.07974914	     -0.07974914	
     -0.16153365	     -0.09331436	     -0.07973814	     -0.08973269	     -0.08044359	     -0.09639572	     -0.12519097	     -0.16811734	     -0.22451150	     -0.29358238	
     -0.08044359	     -0.08044359	     -0.08044359	     -0.08851105	     -0.16226392	     -0.09388936	     -0.08037624	     -0.08116654	     -0.09724720	     -0.12622161	
     -0.16941481	     -0.22610926	     -0.29551213	     -0.16690476	     -0.08116654	     -0.08116654	     -0.08116654	     -0.16305471	     -0.09452130	     -0.08105314	
H5
     -0.08194477	     -0.09818851	     -0.12740430	     -0.18775300	     -0.17089283	     -0.22798545	     -0.29777430	     -0.08194477	     -0.08194477	     -0.08194477	
     -0.16398404	     -0.09523198	     -0.08179803	     -0.09227107	     -0.08281127	     -0.09925310	     -0.12875697	     -0.17260650	     -0.23024553	     -0.30041097	
     -0.08281127	     -0.08281127	     -0.08281127	     -0.08758069	     -0.15870199	     -0.09076030	     -0.07708412	     -0.07767372	     -0.09342672	     -0.12191350	
     -0.16447694	     -0.22030772	     -0.28887942	     -0.16215599	     -0.07767372	     -0.07767372	     -0.07767372	     -0.15992340	     -0.09191887	     -0.07826446	
     -0.07887181	     -0.09465904	     -0.12319871	     -0.18232164	     -0.16581826	     -0.22173690	     -0.29041982	     -0.07887181	     -0.07887181	     -0.07887181	
     -0.16073092	     -0.09261889	     -0.07901060	     -0.08891295	     -0.07966036	     -0.09551451	     -0.12416491	     -0.16690789	     -0.22304925	     -0.29190519	
     -0.07966036	     -0.07966036	     -0.07966036	     -0.08780468	     -0.16145982	     -0.09323423	     -0.07966135	     -0.08037109	     -0.09633034	     -0.12513310	

由侧滑角引起的气动系数
Num_beta
7
data_beta
-8	-5	-2	0	2	5	8	

不同侧滑角下的轴向力Cxb
H0.5
      0.34830459	      0.23473980	      0.14150066	      0.00273484	      0.14150066	      0.23473980	      0.34830459	
     -0.00866317	     -0.00866317	     -0.00866317	     -0.00391416	     -0.00866317	     -0.00866317	     -0.00866317	
     -0.01381537	      0.00302306	      0.10341417	      0.13233860	      0.10341417	      0.00302306	     -0.01381537	
      0.07031515	      0.01995210	     -0.00816249	      0.16800470	     -0.00816249	      0.01995210	      0.07031515	
      0.35009614	      0.23612282	      0.14255599	      0.00642467	      0.14255599	      0.23612282	      0.35009614	
     -0.00816249	     -0.00816249	     -0.00816249	     -0.00113898	     -0.00816249	     -0.00816249	     -0.00816249	
     -0.01344536	      0.00347636	      0.10435243	      0.13553993	      0.10435243	      0.00347636	     -0.01344536	
H1
      0.07105252	      0.02046435	     -0.00777477	      0.17129173	     -0.00777477	      0.02046435	      0.07105252	
      0.35212287	      0.23761459	      0.14360743	      0.00774334	      0.14360743	      0.23761459	      0.35212287	
     -0.00777477	     -0.00777477	     -0.00777477	     -0.00327240	     -0.00777477	     -0.00777477	     -0.00777477	
     -0.01315172	      0.00387172	      0.10533063	      0.13011260	      0.10533063	      0.00387172	     -0.01315172	
      0.07178594	      0.02092805	     -0.00745868	      0.16658023	     -0.00745868	      0.02092805	      0.07178594	
      0.35438783	      0.23929469	      0.14473331	      0.00565031	      0.14473331	      0.23929469	      0.35438783	
     -0.00745868	     -0.00745868	     -0.00745868	     -0.00179580	     -0.00745868	     -0.00745868	     -0.00745868	
H2
     -0.01840763	     -0.00173498	      0.09772323	      0.13452150	      0.09772323	     -0.00173498	     -0.01840763	
      0.06493706	      0.01504095	     -0.01280986	      0.17012356	     -0.01280986	      0.01504095	      0.06493706	
      0.34214875	      0.22915950	      0.13650014	      0.00729723	      0.13650014	      0.22915950	      0.34214875	
     -0.01280986	     -0.01280986	     -0.01280986	     -0.00039947	     -0.01280986	     -0.01280986	     -0.01280986	
     -0.01625770	      0.00042503	      0.09996472	      0.13750092	      0.09996472	      0.00042503	     -0.01625770	
      0.06718782	      0.01723696	     -0.01064808	      0.16427665	     -0.01064808	      0.01723696	      0.06718782	
      0.34469190	      0.23159514	      0.13881895	      0.00451508	      0.13881895	      0.23159514	      0.34469190	
H3
     -0.01064808	     -0.01064808	     -0.01064808	     -0.00270852	     -0.01064808	     -0.01064808	     -0.01064808	
     -0.01518396	      0.00153416	      0.10126634	      0.13340976	      0.10126634	      0.00153416	     -0.01518396	
      0.06842768	      0.01837837	     -0.00956246	      0.16897025	     -0.00956246	      0.01837837	      0.06842768	
      0.34645329	      0.23319051	      0.14019883	      0.00678480	      0.14019883	      0.23319051	      0.34645329	
     -0.00956246	     -0.00956246	     -0.00956246	     -0.00085010	     -0.00956246	     -0.00956246	     -0.00956246	
     -0.01449500	      0.00227795	      0.10230454	      0.13640733	      0.10230454	      0.00227795	     -0.01449500	
      0.06935279	      0.01916032	     -0.00885936	      0.17244367	     -0.00885936	      0.01916032	      0.06935279	
H4
      0.34817394	      0.23458487	      0.14133232	      0.00222258	      0.14133232	      0.23458487	      0.34817394	
     -0.00885936	     -0.00885936	     -0.00885936	     -0.00437018	     -0.00885936	     -0.00885936	     -0.00885936	
     -0.01400094	      0.00284368	      0.10326778	      0.13192868	      0.10326778	      0.00284368	     -0.01400094	
      0.07015121	      0.01977354	     -0.00834855	      0.16766225	     -0.00834855	      0.01977354	      0.07015121	
      0.35000239	      0.23600554	      0.14239973	      0.00607702	      0.14239973	      0.23600554	      0.35000239	
     -0.00834855	     -0.00834855	     -0.00834855	     -0.00147332	     -0.00834855	     -0.00834855	     -0.00834855	
     -0.01362287	      0.00330698	      0.10422718	      0.13527711	      0.10422718	      0.00330698	     -0.01362287	
H5
      0.07090579	      0.02029769	     -0.00795146	      0.17109601	     -0.00795146	      0.02029769	      0.07090579	
      0.35208273	      0.23752958	      0.14348658	      0.00745138	      0.14348658	      0.23752958	      0.35208273	
     -0.00795146	     -0.00795146	     -0.00795146	     -0.00378863	     -0.00795146	     -0.00795146	     -0.00795146	
     -0.01332300	      0.00371144	      0.10522997	      0.12945782	      0.10522997	      0.00371144	     -0.01332300	
      0.07166027	      0.02077235	     -0.00762854	      0.16605764	     -0.00762854	      0.02077235	      0.07166027	
      0.35440912	      0.23925191	      0.14464486	      0.00516363	      0.14464486	      0.23925191	      0.35440912	
     -0.00762854	     -0.00762854	     -0.00762854	     -0.00225854	     -0.00762854	     -0.00762854	     -0.00762854	

不同侧滑角下的法向力Cyb
H0.5
      1.65427513	      1.40781889	      1.15126613	      0.39272076	      1.15126613	      1.40781889	      1.65427513	
      0.34107036	      0.34107036	      0.34107036	      0.01019537	      0.34107036	      0.34107036	      0.34107036	
      0.06573457	     -0.21095836	     -0.75564228	      0.86098360	     -0.75564228	     -0.21095836	      0.06573457	
      0.88899733	      0.61886240	      0.34269628	      1.19402747	      0.34269628	      0.61886240	      0.88899733	
      1.66177524	      1.41426909	      1.15659715	      0.39553345	      1.15659715	      1.41426909	      1.66177524	
      0.34269628	      0.34269628	      0.34269628	      0.00988369	      0.34269628	      0.34269628	      0.34269628	
      0.06615724	     -0.21205578	     -0.75990012	      0.86956955	     -0.75990012	     -0.21205578	      0.06615724	
H1
      0.89406432	      0.62240685	      0.34468475	      1.20948592	      0.34468475	      0.62240685	      0.89406432	
      1.67123749	      1.42232269	      1.16309589	      0.40196676	      1.16309589	      1.42232269	      1.67123749	
      0.34468475	      0.34468475	      0.34468475	      0.01357164	      0.34468475	      0.34468475	      0.34468475	
      0.06667758	     -0.21337081	     -0.76500790	      0.85979957	     -0.76500790	     -0.21337081	      0.06667758	
      0.90016868	      0.62668059	      0.34708558	      1.19117015	      0.34708558	      0.62668059	      0.90016868	
      1.68260475	      1.43230561	      1.17101401	      0.39423117	      1.17101401	      1.43230561	      1.68260475	
      0.34708558	      0.34708558	      0.34708558	      0.00997308	      0.34708558	      0.34708558	      0.34708558	
H2
      0.06480700	     -0.20837272	     -0.74665437	      0.86594816	     -0.74665437	     -0.20837272	      0.06480700	
      0.87826857	      0.61136245	      0.33846060	      1.20328432	      0.33846060	      0.61136245	      0.87826857	
      1.64189060	      1.39706485	      1.14264502	      0.39947698	      1.14264502	      1.39706485	      1.64189060	
      0.33846060	      0.33846060	      0.33846060	      0.00987471	      0.33846060	      0.33846060	      0.33846060	
      0.06492564	     -0.20868026	     -0.74775917	      0.87999356	     -0.74775917	     -0.20868026	      0.06492564	
      0.87962071	      0.61230523	      0.33898961	      1.18948856	      0.33898961	      0.61230523	      0.87962071	
      1.64438533	      1.39921366	      1.14437804	      0.39329662	      1.14437804	      1.39921366	      1.64438533	
H3
      0.33898961	      0.33898961	      0.33898961	      0.01007481	      0.33898961	      0.33898961	      0.33898961	
      0.06512034	     -0.20923613	     -0.74964270	      0.86309686	     -0.74964270	     -0.20923613	      0.06512034	
      0.88189513	      0.61388649	      0.33988086	      1.19822060	      0.33988086	      0.61388649	      0.88189513	
      1.64860532	      1.40298550	      1.14732110	      0.39737118	      1.14732110	      1.40298550	      1.64860532	
      0.33988086	      0.33988086	      0.33988086	      0.00986186	      0.33988086	      0.33988086	      0.33988086	
      0.06539416	     -0.21002598	     -0.75234120	      0.87453873	     -0.75234120	     -0.21002598	      0.06539416	
      0.88511436	      0.61613376	      0.34114061	      1.21801116	      0.34114061	      0.61613376	      0.88511436	
H4
      1.65458620	      1.40810157	      1.15150535	      0.39272984	      1.15150535	      1.40810157	      1.65458620	
      0.34114061	      0.34114061	      0.34114061	      0.01018590	      0.34114061	      0.34114061	      0.34114061	
      0.06576006	     -0.21102287	     -0.75588445	      0.86105990	     -0.75588445	     -0.21102287	      0.06576006	
      0.88929714	      0.61906054	      0.34280709	      1.19427136	      0.34280709	      0.61906054	      0.88929714	
      1.66230354	      1.41473029	      1.15693376	      0.39567765	      1.15693376	      1.41473029	      1.66230354	
      0.34280709	      0.34280709	      0.34280709	      0.00986439	      0.34280709	      0.34280709	      0.34280709	
      0.06619145	     -0.21214491	     -0.76024848	      0.87005406	     -0.76024848	     -0.21214491	      0.06619145	
H5
      0.89448345	      0.62269731	      0.34484808	      1.21048469	      0.34484808	      0.62269731	      0.89448345	
      1.67201457	      1.42298515	      1.16363166	      0.40243022	      1.16363166	      1.42298515	      1.67201457	
      0.34484808	      0.34484808	      0.34484808	      0.01372671	      0.34484808	      0.34484808	      0.34484808	
      0.06672654	     -0.21349875	     -0.76548934	      0.85981906	     -0.76548934	     -0.21349875	      0.06672654	
      0.90074773	      0.62708681	      0.34731241	      1.19131358	      0.34731241	      0.62708681	      0.90074773	
      1.68368742	      1.43320031	      1.17176105	      0.39433484	      1.17176105	      1.43320031	      1.68368742	
      0.34731241	      0.34731241	      0.34731241	      0.00994903	      0.34731241	      0.34731241	      0.34731241	

不同侧滑角下的侧向力Czb
H0.5
     -0.00000000	     -0.00000000	     -0.00000000	      0.00000000	      0.00000000	      0.00000000	      0.00000000	
     -0.00000000	     -0.00000000	     -0.00000000	      0.00000000	      0.00000000	      0.00000000	      0.00000000	
     -0.00000000	     -0.00000000	     -0.00000000	      0.00000000	      0.00000000	      0.00000000	      0.00000000	
     -0.00000000	     -0.00000000	     -0.00000000	      0.00000000	      0.00000000	      0.00000000	      0.00000000	
     -0.00000000	     -0.00000000	     -0.00000000	      0.00000000	      0.00000000	      0.00000000	      0.00000000	
     -0.00000000	     -0.00000000	     -0.00000000	      0.00000000	      0.00000000	      0.00000000	      0.00000000	
     -0.00000000	     -0.00000000	     -0.00000000	      0.00000000	      0.00000000	      0.00000000	      0.00000000	
H1
     -0.00000000	     -0.00000000	     -0.00000000	      0.00000000	      0.00000000	      0.00000000	      0.00000000	
     -0.00000000	     -0.00000000	     -0.00000000	      0.00000000	      0.00000000	      0.00000000	      0.00000000	
     -0.00000000	     -0.00000000	     -0.00000000	      0.00000000	      0.00000000	      0.00000000	      0.00000000	
     -0.00000000	     -0.00000000	     -0.00000000	      0.00000000	      0.00000000	      0.00000000	      0.00000000	
     -0.00000000	     -0.00000000	     -0.00000000	      0.00000000	      0.00000000	      0.00000000	      0.00000000	
     -0.00000000	     -0.00000000	     -0.00000000	      0.00000000	      0.00000000	      0.00000000	      0.00000000	
     -0.00000000	     -0.00000000	     -0.00000000	      0.00000000	      0.00000000	      0.00000000	      0.00000000	
H2
     -0.00000000	     -0.00000000	     -0.00000000	      0.00000000	      0.00000000	      0.00000000	      0.00000000	
     -0.00000000	     -0.00000000	     -0.00000000	      0.00000000	      0.00000000	      0.00000000	      0.00000000	
     -0.00000000	     -0.00000000	     -0.00000000	      0.00000000	      0.00000000	      0.00000000	      0.00000000	
     -0.00000000	     -0.00000000	     -0.00000000	      0.00000000	      0.00000000	      0.00000000	      0.00000000	
     -0.00000000	     -0.00000000	     -0.00000000	      0.00000000	      0.00000000	      0.00000000	      0.00000000	
     -0.00000000	     -0.00000000	     -0.00000000	      0.00000000	      0.00000000	      0.00000000	      0.00000000	
     -0.00000000	     -0.00000000	     -0.00000000	      0.00000000	      0.00000000	      0.00000000	      0.00000000	
H3
     -0.00000000	     -0.00000000	     -0.00000000	      0.00000000	      0.00000000	      0.00000000	      0.00000000	
     -0.00000000	     -0.00000000	     -0.00000000	      0.00000000	      0.00000000	      0.00000000	      0.00000000	
     -0.00000000	     -0.00000000	     -0.00000000	      0.00000000	      0.00000000	      0.00000000	      0.00000000	
     -0.00000000	     -0.00000000	     -0.00000000	      0.00000000	      0.00000000	      0.00000000	      0.00000000	
     -0.00000000	     -0.00000000	     -0.00000000	      0.00000000	      0.00000000	      0.00000000	      0.00000000	
     -0.00000000	     -0.00000000	     -0.00000000	      0.00000000	      0.00000000	      0.00000000	      0.00000000	
     -0.00000000	     -0.00000000	     -0.00000000	      0.00000000	      0.00000000	      0.00000000	      0.00000000	
H4
     -0.00000000	     -0.00000000	     -0.00000000	      0.00000000	      0.00000000	      0.00000000	      0.00000000	
     -0.00000000	     -0.00000000	     -0.00000000	      0.00000000	      0.00000000	      0.00000000	      0.00000000	
     -0.00000000	     -0.00000000	     -0.00000000	      0.00000000	      0.00000000	      0.00000000	      0.00000000	
     -0.00000000	     -0.00000000	     -0.00000000	      0.00000000	      0.00000000	      0.00000000	      0.00000000	
     -0.00000000	     -0.00000000	     -0.00000000	      0.00000000	      0.00000000	      0.00000000	      0.00000000	
     -0.00000000	     -0.00000000	     -0.00000000	      0.00000000	      0.00000000	      0.00000000	      0.00000000	
     -0.00000000	     -0.00000000	     -0.00000000	      0.00000000	      0.00000000	      0.00000000	      0.00000000	
H5
     -0.00000000	     -0.00000000	     -0.00000000	      0.00000000	      0.00000000	      0.00000000	      0.00000000	
     -0.00000000	     -0.00000000	     -0.00000000	      0.00000000	      0.00000000	      0.00000000	      0.00000000	
     -0.00000000	     -0.00000000	     -0.00000000	      0.00000000	      0.00000000	      0.00000000	      0.00000000	
     -0.00000000	     -0.00000000	     -0.00000000	      0.00000000	      0.00000000	      0.00000000	      0.00000000	
     -0.00000000	     -0.00000000	     -0.00000000	      0.00000000	      0.00000000	      0.00000000	      0.00000000	
     -0.00000000	     -0.00000000	     -0.00000000	      0.00000000	      0.00000000	      0.00000000	      0.00000000	
     -0.00000000	     -0.00000000	     -0.00000000	      0.00000000	      0.00000000	      0.00000000	      0.00000000	

不同侧滑角下的滚转力矩Mx
H0.5
     -0.00000000	     -0.00000000	     -0.00000000	      0.00000000	      0.00000000	      0.00000000	      0.00000000	
     -0.00000000	     -0.00000000	     -0.00000000	      0.00000000	      0.00000000	      0.00000000	      0.00000000	
     -0.00000000	     -0.00000000	     -0.00000000	      0.00000000	      0.00000000	      0.00000000	      0.00000000	
     -0.00000000	     -0.00000000	     -0.00000000	      0.00000000	      0.00000000	      0.00000000	      0.00000000	
     -0.00000000	     -0.00000000	     -0.00000000	      0.00000000	      0.00000000	      0.00000000	      0.00000000	
     -0.00000000	     -0.00000000	     -0.00000000	      0.00000000	      0.00000000	      0.00000000	      0.00000000	
     -0.00000000	     -0.00000000	     -0.00000000	      0.00000000	      0.00000000	      0.00000000	      0.00000000	
H1
     -0.00000000	     -0.00000000	     -0.00000000	      0.00000000	      0.00000000	      0.00000000	      0.00000000	
     -0.00000000	     -0.00000000	     -0.00000000	      0.00000000	      0.00000000	      0.00000000	      0.00000000	
     -0.00000000	     -0.00000000	     -0.00000000	      0.00000000	      0.00000000	      0.00000000	      0.00000000	
     -0.00000000	     -0.00000000	     -0.00000000	      0.00000000	      0.00000000	      0.00000000	      0.00000000	
     -0.00000000	     -0.00000000	     -0.00000000	      0.00000000	      0.00000000	      0.00000000	      0.00000000	
     -0.00000000	     -0.00000000	     -0.00000000	      0.00000000	      0.00000000	      0.00000000	      0.00000000	
     -0.00000000	     -0.00000000	     -0.00000000	      0.00000000	      0.00000000	      0.00000000	      0.00000000	
H2
     -0.00000000	     -0.00000000	     -0.00000000	      0.00000000	      0.00000000	      0.00000000	      0.00000000	
     -0.00000000	     -0.00000000	     -0.00000000	      0.00000000	      0.00000000	      0.00000000	      0.00000000	
     -0.00000000	     -0.00000000	     -0.00000000	      0.00000000	      0.00000000	      0.00000000	      0.00000000	
     -0.00000000	     -0.00000000	     -0.00000000	      0.00000000	      0.00000000	      0.00000000	      0.00000000	
     -0.00000000	     -0.00000000	     -0.00000000	      0.00000000	      0.00000000	      0.00000000	      0.00000000	
     -0.00000000	     -0.00000000	     -0.00000000	      0.00000000	      0.00000000	      0.00000000	      0.00000000	
     -0.00000000	     -0.00000000	     -0.00000000	      0.00000000	      0.00000000	      0.00000000	      0.00000000	
H3
     -0.00000000	     -0.00000000	     -0.00000000	      0.00000000	      0.00000000	      0.00000000	      0.00000000	
     -0.00000000	     -0.00000000	     -0.00000000	      0.00000000	      0.00000000	      0.00000000	      0.00000000	
     -0.00000000	     -0.00000000	     -0.00000000	      0.00000000	      0.00000000	      0.00000000	      0.00000000	
     -0.00000000	     -0.00000000	     -0.00000000	      0.00000000	      0.00000000	      0.00000000	      0.00000000	
     -0.00000000	     -0.00000000	     -0.00000000	      0.00000000	      0.00000000	      0.00000000	      0.00000000	
     -0.00000000	     -0.00000000	     -0.00000000	      0.00000000	      0.00000000	      0.00000000	      0.00000000	
     -0.00000000	     -0.00000000	     -0.00000000	      0.00000000	      0.00000000	      0.00000000	      0.00000000	
H4
     -0.00000000	     -0.00000000	     -0.00000000	      0.00000000	      0.00000000	      0.00000000	      0.00000000	
     -0.00000000	     -0.00000000	     -0.00000000	      0.00000000	      0.00000000	      0.00000000	      0.00000000	
     -0.00000000	     -0.00000000	     -0.00000000	      0.00000000	      0.00000000	      0.00000000	      0.00000000	
     -0.00000000	     -0.00000000	     -0.00000000	      0.00000000	      0.00000000	      0.00000000	      0.00000000	
     -0.00000000	     -0.00000000	     -0.00000000	      0.00000000	      0.00000000	      0.00000000	      0.00000000	
     -0.00000000	     -0.00000000	     -0.00000000	      0.00000000	      0.00000000	      0.00000000	      0.00000000	
     -0.00000000	     -0.00000000	     -0.00000000	      0.00000000	      0.00000000	      0.00000000	      0.00000000	
H5
     -0.00000000	     -0.00000000	     -0.00000000	      0.00000000	      0.00000000	      0.00000000	      0.00000000	
     -0.00000000	     -0.00000000	     -0.00000000	      0.00000000	      0.00000000	      0.00000000	      0.00000000	
     -0.00000000	     -0.00000000	     -0.00000000	      0.00000000	      0.00000000	      0.00000000	      0.00000000	
     -0.00000000	     -0.00000000	     -0.00000000	      0.00000000	      0.00000000	      0.00000000	      0.00000000	
     -0.00000000	     -0.00000000	     -0.00000000	      0.00000000	      0.00000000	      0.00000000	      0.00000000	
     -0.00000000	     -0.00000000	     -0.00000000	      0.00000000	      0.00000000	      0.00000000	      0.00000000	
     -0.00000000	     -0.00000000	     -0.00000000	      0.00000000	      0.00000000	      0.00000000	      0.00000000	

不同侧滑角下的偏航力矩My
H0.5
     -0.00000000	     -0.00000000	     -0.00000000	      0.00000000	      0.00000000	      0.00000000	      0.00000000	
     -0.00000000	     -0.00000000	     -0.00000000	      0.00000000	      0.00000000	      0.00000000	      0.00000000	
     -0.00000000	     -0.00000000	     -0.00000000	      0.00000000	      0.00000000	      0.00000000	      0.00000000	
     -0.00000000	     -0.00000000	     -0.00000000	      0.00000000	      0.00000000	      0.00000000	      0.00000000	
     -0.00000000	     -0.00000000	     -0.00000000	      0.00000000	      0.00000000	      0.00000000	      0.00000000	
     -0.00000000	     -0.00000000	     -0.00000000	      0.00000000	      0.00000000	      0.00000000	      0.00000000	
     -0.00000000	     -0.00000000	     -0.00000000	      0.00000000	      0.00000000	      0.00000000	      0.00000000	
H1
     -0.00000000	     -0.00000000	     -0.00000000	      0.00000000	      0.00000000	      0.00000000	      0.00000000	
     -0.00000000	     -0.00000000	     -0.00000000	      0.00000000	      0.00000000	      0.00000000	      0.00000000	
     -0.00000000	     -0.00000000	     -0.00000000	      0.00000000	      0.00000000	      0.00000000	      0.00000000	
     -0.00000000	     -0.00000000	     -0.00000000	      0.00000000	      0.00000000	      0.00000000	      0.00000000	
     -0.00000000	     -0.00000000	     -0.00000000	      0.00000000	      0.00000000	      0.00000000	      0.00000000	
     -0.00000000	     -0.00000000	     -0.00000000	      0.00000000	      0.00000000	      0.00000000	      0.00000000	
     -0.00000000	     -0.00000000	     -0.00000000	      0.00000000	      0.00000000	      0.00000000	      0.00000000	
H2
     -0.00000000	     -0.00000000	     -0.00000000	      0.00000000	      0.00000000	      0.00000000	      0.00000000	
     -0.00000000	     -0.00000000	     -0.00000000	      0.00000000	      0.00000000	      0.00000000	      0.00000000	
     -0.00000000	     -0.00000000	     -0.00000000	      0.00000000	      0.00000000	      0.00000000	      0.00000000	
     -0.00000000	     -0.00000000	     -0.00000000	      0.00000000	      0.00000000	      0.00000000	      0.00000000	
     -0.00000000	     -0.00000000	     -0.00000000	      0.00000000	      0.00000000	      0.00000000	      0.00000000	
     -0.00000000	     -0.00000000	     -0.00000000	      0.00000000	      0.00000000	      0.00000000	      0.00000000	
     -0.00000000	     -0.00000000	     -0.00000000	      0.00000000	      0.00000000	      0.00000000	      0.00000000	
H3
     -0.00000000	     -0.00000000	     -0.00000000	      0.00000000	      0.00000000	      0.00000000	      0.00000000	
     -0.00000000	     -0.00000000	     -0.00000000	      0.00000000	      0.00000000	      0.00000000	      0.00000000	
     -0.00000000	     -0.00000000	     -0.00000000	      0.00000000	      0.00000000	      0.00000000	      0.00000000	
     -0.00000000	     -0.00000000	     -0.00000000	      0.00000000	      0.00000000	      0.00000000	      0.00000000	
     -0.00000000	     -0.00000000	     -0.00000000	      0.00000000	      0.00000000	      0.00000000	      0.00000000	
     -0.00000000	     -0.00000000	     -0.00000000	      0.00000000	      0.00000000	      0.00000000	      0.00000000	
     -0.00000000	     -0.00000000	     -0.00000000	      0.00000000	      0.00000000	      0.00000000	      0.00000000	
H4
     -0.00000000	     -0.00000000	     -0.00000000	      0.00000000	      0.00000000	      0.00000000	      0.00000000	
     -0.00000000	     -0.00000000	     -0.00000000	      0.00000000	      0.00000000	      0.00000000	      0.00000000	
     -0.00000000	     -0.00000000	     -0.00000000	      0.00000000	      0.00000000	      0.00000000	      0.00000000	
     -0.00000000	     -0.00000000	     -0.00000000	      0.00000000	      0.00000000	      0.00000000	      0.00000000	
     -0.00000000	     -0.00000000	     -0.00000000	      0.00000000	      0.00000000	      0.00000000	      0.00000000	
     -0.00000000	     -0.00000000	     -0.00000000	      0.00000000	      0.00000000	      0.00000000	      0.00000000	
     -0.00000000	     -0.00000000	     -0.00000000	      0.00000000	      0.00000000	      0.00000000	      0.00000000	
H5
     -0.00000000	     -0.00000000	     -0.00000000	      0.00000000	      0.00000000	      0.00000000	      0.00000000	
     -0.00000000	     -0.00000000	     -0.00000000	      0.00000000	      0.00000000	      0.00000000	      0.00000000	
     -0.00000000	     -0.00000000	     -0.00000000	      0.00000000	      0.00000000	      0.00000000	      0.00000000	
     -0.00000000	     -0.00000000	     -0.00000000	      0.00000000	      0.00000000	      0.00000000	      0.00000000	
     -0.00000000	     -0.00000000	     -0.00000000	      0.00000000	      0.00000000	      0.00000000	      0.00000000	
     -0.00000000	     -0.00000000	     -0.00000000	      0.00000000	      0.00000000	      0.00000000	      0.00000000	
     -0.00000000	     -0.00000000	     -0.00000000	      0.00000000	      0.00000000	      0.00000000	      0.00000000	

不同侧滑角下的俯仰力矩Mzb
H0.5
     -0.29357546	     -0.22447252	     -0.16807346	     -0.08727290	     -0.16807346	     -0.22447252	     -0.29357546	
     -0.08037109	     -0.08037109	     -0.08037109	     -0.08656691	     -0.08037109	     -0.08037109	     -0.08037109	
     -0.08031490	     -0.09382285	     -0.16220451	     -0.16377057	     -0.16220451	     -0.09382285	     -0.08031490	
     -0.12618996	     -0.09720197	     -0.08111272	     -0.18368496	     -0.08111272	     -0.09720197	     -0.12618996	
     -0.29555500	     -0.22611475	     -0.16940344	     -0.08986493	     -0.16940344	     -0.22611475	     -0.29555500	
     -0.08111272	     -0.08111272	     -0.08111272	     -0.08863575	     -0.08111272	     -0.08111272	     -0.08111272	
     -0.08100778	     -0.09447202	     -0.16301805	     -0.16694543	     -0.16301805	     -0.09447202	     -0.08100778	
H1
     -0.12740308	     -0.09816642	     -0.08190837	     -0.18769018	     -0.08190837	     -0.09816642	     -0.12740308	
     -0.29786404	     -0.22804115	     -0.17091717	     -0.09228720	     -0.17091717	     -0.22804115	     -0.29786404	
     -0.08190837	     -0.08190837	     -0.08190837	     -0.08779009	     -0.08190837	     -0.08190837	     -0.08190837	
     -0.08177156	     -0.09519727	     -0.16397467	     -0.16246861	     -0.16397467	     -0.09519727	     -0.08177156	
     -0.12878451	     -0.09925797	     -0.08279658	     -0.18254957	     -0.08279658	     -0.09925797	     -0.12878451	
     -0.30056357	     -0.23035308	     -0.17268044	     -0.08912421	     -0.17268044	     -0.23035308	     -0.30056357	
     -0.08279658	     -0.08279658	     -0.08279658	     -0.08800648	     -0.08279658	     -0.08279658	     -0.08279658	
H2
     -0.07694212	     -0.09061529	     -0.15855936	     -0.16576802	     -0.15855936	     -0.09061529	     -0.07694212	
     -0.12177798	     -0.09328831	     -0.07753319	     -0.18616098	     -0.07753319	     -0.09328831	     -0.12177798	
     -0.28875456	     -0.22017929	     -0.16434435	     -0.09137983	     -0.16434435	     -0.22017929	     -0.28875456	
     -0.07753319	     -0.07753319	     -0.07753319	     -0.08997186	     -0.07753319	     -0.07753319	     -0.07753319	
     -0.07815107	     -0.09180355	     -0.15981042	     -0.16977777	     -0.15981042	     -0.09180355	     -0.07815107	
     -0.12309442	     -0.09455032	     -0.07876035	     -0.18119247	     -0.07876035	     -0.09455032	     -0.12309442	
     -0.29033757	     -0.22164351	     -0.16571803	     -0.08830800	     -0.16571803	     -0.22164351	     -0.29033757	
H3
     -0.07876035	     -0.07876035	     -0.07876035	     -0.08730439	     -0.07876035	     -0.07876035	     -0.07876035	
     -0.07891489	     -0.09252367	     -0.16063671	     -0.16469294	     -0.16063671	     -0.09252367	     -0.07891489	
     -0.12408367	     -0.09542645	     -0.07956756	     -0.18481628	     -0.07956756	     -0.09542645	     -0.12408367	
     -0.29185588	     -0.22298839	     -0.16683911	     -0.09054838	     -0.16683911	     -0.22298839	     -0.29185588	
     -0.07956756	     -0.07956756	     -0.07956756	     -0.08922809	     -0.07956756	     -0.07956756	     -0.07956756	
     -0.07958119	     -0.09314858	     -0.16138401	     -0.16825967	     -0.16138401	     -0.09314858	     -0.07958119	
     -0.12507347	     -0.09626264	     -0.08029550	     -0.18957248	     -0.08029550	     -0.09626264	     -0.12507347	
H4
     -0.29356464	     -0.22444276	     -0.16802978	     -0.08702316	     -0.16802978	     -0.22444276	     -0.29356464	
     -0.08029550	     -0.08029550	     -0.08029550	     -0.08634040	     -0.08029550	     -0.08029550	     -0.08029550	
     -0.08025104	     -0.09375446	     -0.16214750	     -0.16358669	     -0.16214750	     -0.09375446	     -0.08025104	
     -0.12616129	     -0.09715469	     -0.08105446	     -0.18356053	     -0.08105446	     -0.09715469	     -0.12616129	
     -0.29558803	     -0.22612840	     -0.16938086	     -0.08973269	     -0.16938086	     -0.22612840	     -0.29558803	
     -0.08105446	     -0.08105446	     -0.08105446	     -0.08851105	     -0.08105446	     -0.08105446	     -0.08105446	
     -0.08096066	     -0.09442338	     -0.16298123	     -0.16690476	     -0.16298123	     -0.09442338	     -0.08096066	
H5
     -0.12740261	     -0.09814361	     -0.08187073	     -0.18775300	     -0.08187073	     -0.09814361	     -0.12740261	
     -0.29795650	     -0.22809868	     -0.17094197	     -0.09227107	     -0.17094197	     -0.22809868	     -0.29795650	
     -0.08187073	     -0.08187073	     -0.08187073	     -0.08758069	     -0.08187073	     -0.08187073	     -0.08187073	
     -0.08174434	     -0.09515953	     -0.16396362	     -0.16215599	     -0.16396362	     -0.09515953	     -0.08174434	
     -0.12882229	     -0.09926434	     -0.08278174	     -0.18232164	     -0.08278174	     -0.09926434	     -0.12882229	
     -0.30072857	     -0.23046720	     -0.17275478	     -0.08891295	     -0.17275478	     -0.23046720	     -0.30072857	
     -0.08278174	     -0.08278174	     -0.08278174	     -0.08780468	     -0.08278174	     -0.08278174	     -0.08278174	

动导数(行为马赫数，列为高度)
mx_wx(对弧度的值，无量纲化l/v)
     -0.00582230	     -0.00526290	     -0.00461240	     -0.00422340	     -0.00396260	     -0.00374270	     -0.00356160	
     -0.00794520	     -0.00697670	     -0.00587680	     -0.00527710	     -0.00489440	     -0.00460250	     -0.00437030	
     -0.00792770	     -0.00693680	     -0.00586090	     -0.00526400	     -0.00488000	     -0.00458390	     -0.00435950	
     -0.00768030	     -0.00670160	     -0.00567880	     -0.00514090	     -0.00478730	     -0.00451550	     -0.00430350	
     -0.00751770	     -0.00658990	     -0.00563210	     -0.00510080	     -0.00475750	     -0.00448700	     -0.00427790	
     -0.00323860	     -0.00323860	     -0.00323860	     -0.00323860	     -0.00323860	     -0.00323860	     -0.00312410	
mx_wy(对弧度的值，无量纲化l/v)
     -0.01308900	     -0.00980200	     -0.00704200	     -0.00548820	     -0.00382010	     -0.00210060	     -0.00067269	
     -0.02077800	     -0.01501600	     -0.01040100	     -0.00771670	     -0.00523150	     -0.00245200	     -0.00017284	
     -0.01865900	     -0.01346900	     -0.00948670	     -0.00724450	     -0.00515290	     -0.00268390	     -0.00023433	
     -0.01629900	     -0.01308500	     -0.01013600	     -0.00816320	     -0.00565360	     -0.00323970	     -0.00126820	
     -0.01640400	     -0.01375000	     -0.01050300	     -0.00810190	     -0.00574900	     -0.00311170	     -0.00104130	
     -0.00151010	     -0.00151010	     -0.00151010	     -0.00151010	     -0.00151010	     -0.00151010	     -0.00059081	
mx_wz(对弧度的值，无量纲化l/v)
     -0.00007415	     -0.00007785	     -0.00008618	     -0.00011186	     -0.00011272	     -0.00010561	     -0.00009326	
      0.00000689	     -0.00007588	     -0.00012383	     -0.00017192	     -0.00016851	     -0.00015509	     -0.00014546	
      0.00001653	     -0.00008399	     -0.00006886	     -0.00009027	     -0.00010216	     -0.00009845	     -0.00009700	
     -0.00007656	     -0.00003223	     -0.00005735	     -0.00010870	     -0.00013323	     -0.00012539	     -0.00010994	
     -0.00004411	     -0.00002648	     -0.00004895	     -0.00010003	     -0.00013102	     -0.00012872	     -0.00012277	
     -0.00009159	     -0.00009159	     -0.00009159	     -0.00009159	     -0.00009159	     -0.00009159	     -0.00004946	
my_wx(对弧度的值，无量纲化l/v)
     -0.00252870	     -0.00245400	     -0.00223730	     -0.00202300	     -0.00182980	     -0.00168860	     -0.00161650	
     -0.00209750	     -0.00233940	     -0.00240350	     -0.00223240	     -0.00200620	     -0.00188020	     -0.00181300	
     -0.00213560	     -0.00230670	     -0.00240050	     -0.00223410	     -0.00198530	     -0.00184020	     -0.00175690	
     -0.00214660	     -0.00231610	     -0.00234460	     -0.00220640	     -0.00189780	     -0.00174840	     -0.00167660	
     -0.00206290	     -0.00226620	     -0.00234050	     -0.00220500	     -0.00188670	     -0.00171680	     -0.00165010	
     -0.00167780	     -0.00167780	     -0.00167780	     -0.00167780	     -0.00167780	     -0.00167780	     -0.00164040	
my_wy(对弧度的值，无量纲化l/v)
     -0.07097400	     -0.06039100	     -0.04805000	     -0.03862100	     -0.02975800	     -0.02196600	     -0.01564700	
     -0.08977500	     -0.07072300	     -0.05335000	     -0.04211400	     -0.03162100	     -0.02044000	     -0.01126600	
     -0.08349900	     -0.06570100	     -0.04996200	     -0.03958400	     -0.03036900	     -0.02038500	     -0.01017800	
     -0.07211600	     -0.06112600	     -0.05233500	     -0.04498800	     -0.03507300	     -0.02602700	     -0.01857500	
     -0.07079100	     -0.06408800	     -0.05358000	     -0.04394900	     -0.03541300	     -0.02531400	     -0.01748200	
     -0.02361400	     -0.02361400	     -0.02361400	     -0.02361400	     -0.02361400	     -0.02361400	     -0.01930600	
my_wz(对弧度的值，无量纲化l/v)
     -0.00021455	     -0.00017613	     -0.00010349	     -0.00005197	      0.00001852	      0.00006094	      0.00010343	
     -0.00003162	     -0.00006830	     -0.00002263	     -0.00000258	      0.00003126	      0.00001219	      0.00001595	
      0.00010314	     -0.00020147	     -0.00018391	     -0.00012889	     -0.00008020	     -0.00005817	     -0.00006719	
     -0.00034602	     -0.00034123	     -0.00021449	     -0.00009142	      0.00000704	      0.00004778	      0.00004832	
     -0.00020540	     -0.00025928	     -0.00030512	     -0.00043641	     -0.00041880	     -0.00033510	     -0.00025032	
     -0.00008697	     -0.00008697	     -0.00008697	     -0.00008697	     -0.00008697	     -0.00008697	     -0.00018369	
mz_wx(对弧度的值，无量纲化l/v)
     -0.00000032	      0.00001233	      0.00001447	      0.00001527	      0.00001794	      0.00001648	      0.00001395	
      0.00002273	      0.00000984	      0.00000859	      0.00001720	      0.00001767	      0.00001788	      0.00002333	
      0.00001394	      0.00001624	      0.00001943	      0.00002204	      0.00001234	      0.00002203	      0.00002574	
     -0.00000277	      0.00000318	     -0.00002062	      0.00000784	      0.00000391	      0.00001727	      0.00000976	
     -0.00001186	     -0.00000771	     -0.00000741	      0.00000299	     -0.00000574	      0.00000052	      0.00000125	
      0.00002080	      0.00002080	      0.00002080	      0.00002080	      0.00002080	      0.00002080	      0.00002203	
mz_wy(对弧度的值，无量纲化l/v)
     -0.00003102	      0.00000445	     -0.00000104	      0.00002668	      0.00004585	      0.00005847	      0.00007224	
     -0.00023265	      0.00003033	      0.00019339	      0.00023907	      0.00014094	      0.00011134	      0.00011957	
      0.00030954	      0.00051999	      0.00034940	      0.00035071	      0.00019773	      0.00015669	      0.00012788	
      0.00012159	      0.00007988	      0.00007512	      0.00013696	      0.00000544	     -0.00002580	      0.00001888	
     -0.00009527	      0.00000935	     -0.00008872	      0.00008226	      0.00016878	      0.00017395	      0.00015585	
     -0.00008380	     -0.00008380	     -0.00008380	     -0.00008380	     -0.00008380	     -0.00008380	     -0.00017327	
mz_wz(对弧度的值，无量纲化l/v)
     -0.13974000	     -0.12443000	     -0.09390400	     -0.07529900	     -0.05442500	     -0.03907600	     -0.02757700	
     -0.16899000	     -0.14371000	     -0.10535000	     -0.08051300	     -0.05543500	     -0.03480517	     -0.02110300	
     -0.16301000	     -0.14052000	     -0.10771000	     -0.08777800	     -0.06462200	     -0.04343800	     -0.02780800	
     -0.15174000	     -0.14265000	     -0.11255000	     -0.09393600	     -0.07192800	     -0.04964400	     -0.03320300	
     -0.15116000	     -0.14261919	     -0.11194279	     -0.09446840	     -0.07117900	     -0.04824500	     -0.03191100	
     -0.04376300	     -0.04376300	     -0.04376300	     -0.04376300	     -0.04376300	     -0.04376300	     -0.03095900	
